Bioreactor, 5.7982859736002865, 3.8034221426009025, 3.788011529600044, 3.7842208870009926, 3.5385495045993594, 2.956849286200304, 2.451797562598949, 
Bioreactor Mayer, 7.913930392199108, 5.135799056399992, 6.200765625799977, 4.516490893199807, 4.198354452599597, 3.5539057456000593, 2.537839466000878, 
Bryson Denham, 2.9758426518004852, 2.606329050199565, 2.6195870176001335, 2.5961809534004714, 2.527387648599688, 2.3166013928006577, 1.9820361720005166, 
Bryson Denham Mayer, inf, inf, 24.847181373799685, inf, inf, 18.16870415160083, inf, 
Cart Pendulum, inf, inf, 107.22326561259979, 69.73295848340058, 63.10378451319993, 53.6831360876, 43.19026376119873, 
Cart Pendulum Mayer, inf, inf, 210.38727066939973, 129.5072805635995, 72.21862590600067, 60.641089752399424, 45.941724103798336, 
Catalyst Mixing, 4.526744862200576, 4.385211090801022, 4.358202530999551, 4.710557554600382, 4.214829400799499, 3.716343381600018, 2.823254425400228, 
Cushioned Oscillation Mayer, 16.952233998800512, 13.018137916400883, 13.035104464599135, 13.395845838400419, 12.72295146039978, 10.424945130600099, 8.226232796201657, 
Dielectrophoretic Particle Mayer, 11.500864966000517, 8.829097012599231, 5.713892839200708, 5.500286860801134, 5.084041377199173, 4.890246219199616, 3.8012259910006834, 
Double Oscillator, 5.5599281711998625, 3.5926376259994868, 4.09045526659902, 3.9089402882003923, 3.2611118424007146, 2.736165884400543, 2.2757834566000383, 
Double Oscillator Mayer, 6.5930625011991655, 4.483128973000566, 4.789933127800031, 3.994844291399204, 3.289817769599904, 2.794225132599968, 2.3320601945997623, 
Ducted Fan, inf, inf, inf, inf, 41.89809895979852, inf, 33.8877720339995, 
Egerstedt, 23.45254231220024, 17.935830724200788, 10.018049651401089, 9.4484996392006, 10.35745013360065, 8.648460503399837, 6.0669155063995275, 
Egerstedt Mayer, 26.865558495000005, 19.584487988601175, 11.037223818799976, 10.803592411200952, 10.487230797000667, 8.65601391420132, 6.162137498800439, 
Electric Car, 7.958874143599678, 5.058353841999633, 5.393669170599606, 5.353660836199561, 5.066418755800259, 4.53871189479978, 3.4007734515995254, 
Electric Car Mayer, 9.293756361401028, 6.154738182200527, 7.339784252400568, 6.93518444319925, 5.594202374400629, 4.998788453799352, 3.816499222999846, 
F8 Aircraft Mayer, 58.26669711200011, 42.23641248319909, 31.151959887400153, 29.343987155399372, 28.37512631000063, 29.950110458199198, 29.14466825940035, 
Fuller, 4.480110531400714, 3.2786029087990753, 2.956412942400493, 3.187887144599517, 2.8808509755996057, 2.438414968399593, 1.9890864025997872, 
Fuller Mayer, 4.405290278399479, 2.9240374524008077, 2.910237606200826, 3.1072986642000613, 2.794401330999244, 2.3898141319994464, 1.9605893078012742, 
Hang Glider, 45.046730376800404, 30.165253214599943, 18.0162577709998, 20.809872732000077, 15.08605259540127, 12.110150817800605, 8.92014286019985, 
Hanging Chain, 15.299981432400818, 12.774524793599994, 11.772606077199452, 12.429840376999346, 11.003561244799494, 8.469960171599814, 6.670016745598696, 
Lotka Competitive, 12.319448166600342, 8.448549694000395, 8.58822047460053, 8.941140222000104, 7.580784530800156, 6.143918084599863, 4.935636886399879, 
Lotka Competitive Mayer, 15.132674134000263, 11.13163589080068, 10.10375571899931, 10.742601215600734, 9.79218985080006, 8.619599986600225, 6.573077055800968, 
Lotka Shared, 10.936600978199568, 7.716898734399729, 7.708941408999817, 7.543600311600312, 7.168383678799728, 5.892401426598371, 4.778743350600417, 
Lotka Shared Mayer, 14.454139533600392, 10.41208157759902, 12.358786442599376, 9.400627154201356, 10.198111063200486, 8.617702145400836, 6.427299354999559, 
Lotka Volterra, 7.580477109599451, 5.954189505000249, 6.274656537199189, 6.4154450670001095, 5.41848015239957, 4.425569981799344, 3.56468516199966, 
Lotka Volterra Mayer, 8.850551545400958, 6.93798508539985, 6.9343448981999245, 7.341652439200698, 6.317837952400441, 5.401416663000418, 4.730505061800068, 
LQR, 0.5687634222005726, 0.4168913629990129, 0.41491300119960217, 0.4165539627996623, 0.41790538500063124, 0.3862821724003879, 0.33344042820026515, 
LQR Mayer, 5.144159148199833, 3.3272940245995413, 3.3253249998000682, 3.7200784453998494, 3.359775848600111, 2.8228325448006215, 2.3248725838006066, 
Moon Landing, 23.244728174000194, 14.167119616400305, 8.798160029400606, 10.329536750402621, 7.18759081520111, 5.047852488998615, 3.891044849000173, 
Mountain Car Mayer, 28.76639020120201, 22.11504127879889, 21.860361686800026, inf, 29.14013631759881, 18.199562178399354, 9.373962259400287, 
Ocean, 14.903325844201026, 10.296486581399222, 6.96710896440054, 6.930186028796015, 7.875302751600975, 6.04361666719924, 4.608820788397861, 
Ocean Mayer, 39.61777139940095, 39.44178253600112, 22.25200682720024, 27.720421260999863, 19.811826446000488, 13.297825304199069, 8.60493586359953, 
Particle Steering Mayer, 26.36320048759808, 17.27232355200249, 17.312572465999985, 15.485885651799617, 12.758587099600117, 9.738515152200126, 8.798484097201435, 
Quadrotor, 231.69009944439895, 128.48135868139943, 73.43692584339878, 75.29297263820044, 70.95080777760305, 49.84578943420202, 36.400166785799954, 
Rao Mease, 7.184617351999623, 6.264962352199655, 2.226040599598491, 1.522672041998885, 1.276713649200974, 1.1171496716007823, 0.7568847987990012, 
Rao Mease Mayer, 7.337338825799816, 5.043885726202279, 5.586202907000552, 6.463691663999635, 10.887611348601059, 3.1795514241981437, 3.599149467999814, 
Three Tank, 34.722798083400995, 21.778102285598287, 12.062019226602569, 12.05462010680203, 12.241936608799733, 10.619933936400049, 7.738744305199361, 
Three Tank Mayer, 34.06603542660014, 23.728240385398387, 13.230033793198526, 13.17869585060107, 13.189184212998953, 11.574190889798047, 8.143675608201011, 
Tubular Reactor Mayer, 5.752790372798335, 4.220202247599081, 3.9492116675988655, 4.53222383660177, 4.291974612999184, 3.5182669767993504, 2.65971769879834, 
Van der Pol, 10.263554979200126, 5.924796358997992, 5.849216434999835, 5.940746188200137, 4.874268529200345, 3.98262738899939, 3.0967527668006367, 
Van der Pol Mayer, inf, 43.77870850039763, 29.232184423597936, 35.829690760200904, 32.74050336540095, 21.996429209798226, 16.44318460039649, 
